6.685814948186620654e+01
6.596743449223369282e+01
6.867999851486938212e+01
6.878284071941516231e+01
6.589153368965087054e+01
6.810612017611231295e+01
6.680283160746031967e+01
6.581248180523638780e+01
6.382839103435243544e+01
6.434307429498238662e+01
6.558751889371558264e+01
6.893229242056771966e+01
6.746032876423336688e+01
7.137847446624786585e+01
6.446079737851648872e+01
7.106954464018124895e+01
6.481335956027699297e+01
6.689383235304318021e+01
6.625836362324065476e+01
6.765765682568384420e+01
6.845795899630343229e+01
7.275932261226945741e+01
6.511589763044230494e+01
6.502479845659466662e+01
6.356929350572171700e+01
6.821826721763248713e+01
6.293863542217117413e+01
6.394833296648944554e+01
7.728680005263666430e+01
7.087849329168849977e+01
6.968442184537187245e+01
6.714334180857387935e+01
6.529544321373698779e+01
6.737087163838499748e+01
6.760565308636181214e+01
6.431827539340831379e+01
6.753413576156799536e+01
7.060847804982768139e+01
7.370696479355981978e+01
6.757875536538699635e+01
7.209073810400610682e+01
6.396122437269453798e+01
6.867800963303110962e+01
6.492687591256485291e+01
6.488661779150530151e+01
6.509762742323277962e+01
6.853970484664654350e+01
6.764928125780929236e+01
6.666161762415281089e+01
6.665678624818694686e+01
6.820542135086463986e+01
6.569651761163866865e+01
6.329097006077901000e+01
6.518269527488891413e+01
6.849714091849114084e+01
6.865109110182027052e+01
6.403109779253867373e+01
6.930846890180032460e+01
6.601610601764011221e+01
6.846188684352611631e+01
6.889394201179544552e+01
6.564313044259510832e+01
6.267862733874417103e+01
7.098694126201412757e+01
6.296536232505089714e+01
6.305046760508211179e+01
6.455268089434639478e+01
6.383242362623781929e+01
6.918810845383201524e+01
6.780260254531202690e+01
6.408284868942479306e+01
6.438049773617778726e+01
6.808421803686340468e+01
6.703377837960866259e+01
6.225584310317890413e+01
6.493912876323169314e+01
6.834327761911869459e+01
6.672133891482998536e+01
6.852943897399006801e+01
6.535105523807196448e+01
6.714923422489631832e+01
6.377552578090019608e+01
6.304350971838038475e+01
6.934622845538999059e+01
6.598778639770966947e+01
6.932004252012852419e+01
6.288679237707239622e+01
6.641347519501491092e+01
6.619314436433253945e+01
6.677491098425429072e+01
7.127227388722704404e+01
6.748783416030542526e+01
6.679509002058861711e+01
6.598370800486389953e+01
6.998645078163637834e+01
6.665223410104688639e+01
6.693095056508491325e+01
7.165334760823455440e+01
6.867056571433242596e+01
7.398446692137885350e+01
6.668474576386536512e+01
7.067580877269112705e+01
6.539690292324031873e+01
6.396113043685603117e+01
6.829126815234425862e+01
6.607779907652802365e+01
7.205169766940041143e+01
6.509980043361063906e+01
6.566871837571709136e+01
6.651266030691802200e+01
6.549869607665057458e+01
6.433348306479879852e+01
6.971275451471817064e+01
6.668414856342748465e+01
6.915362946077016204e+01
7.362889004953605365e+01
6.949431548850427021e+01
6.454488856318438650e+01
6.806381899676949843e+01
7.028728123906414282e+01
6.780854545028351765e+01
6.539240390098153455e+01
6.388122038748185361e+01
6.541866154095963282e+01
6.403383341655283800e+01
6.359971510738377987e+01
6.416237116292187181e+01
6.514148773963069061e+01
6.911408048823489025e+01
6.743714855108937911e+01
7.331889543187531899e+01
6.368199246294459215e+01
6.509246666659618086e+01
7.257634953720432236e+01
6.534320366896206167e+01
6.413561610441560390e+01
6.739735583903868132e+01
6.694683707756870206e+01
6.447057328953839317e+01
6.553845754640816779e+01
7.351542728894172285e+01
6.401194741458132853e+01
6.493336443716110296e+01
6.950532253854906628e+01
6.903355338319153134e+01
6.750278541029713608e+01
6.428497722622451249e+01
6.976298753174563672e+01
6.621111968052940711e+01
7.066206808931382000e+01
