2.810834903898228099e+00 -1.052384357323764519e+01 2.562671867175131624e+00
2.557731942372321043e-02 1.197937812116103506e+00 2.764027553717570918e+00
2.651125990010543276e-01 3.288055214015976002e+00 1.161371772172442363e+00
1.680712131404121124e+00 1.146777595131093008e+00 2.314200731921671306e+00
-1.184387853150214109e+00 -1.991441528192964272e+00 1.934498355589299168e+00
1.781113585182527714e+00 5.117369088857837145e-01 2.969093179513872194e+00
1.504643607013051110e+00 1.265174668808857206e+00 1.916285454163018320e+00
9.572204232086676257e-01 2.451127343815886039e+00 1.709729182563534566e+00
-1.787301542278416644e+00 -2.539166002647274212e+00 2.578840376104248655e+00
-9.346293834411718571e-01 -1.403030893287935843e+00 1.270663472502521651e+00
6.170186881778145782e-01 1.886236375409765742e+00 2.826785904752882495e+00
-8.591490483895869446e-01 -6.404674138112342874e-01 1.617042354193603426e+00
-2.766037012084368918e+00 4.310513343486505278e+00 2.654768548632805647e+00
-1.029171683597758236e+00 -3.235148050789123708e+00 2.133829723498291919e+00
1.580182932220385084e+00 2.939482522642173468e+00 2.342882327749613580e+00
-2.684115476111693432e+00 3.443768002312061594e+00 2.311777793452077123e+00
-1.346535380831709316e+00 -3.657682847335681497e+00 1.148646282252363315e+00
-4.527980786344665276e-01 -1.877951574251339295e+00 1.111287355845569591e+00
-2.488446614108807076e+00 -2.790690401623681094e-01 2.181429433436205656e+00
9.986779021098688425e-01 4.278375427945644738e+00 1.263169511855849692e+00
-1.432105022319904108e+00 -2.025372428332578245e+00 1.632713363150256836e+00
-2.466932365271201189e+00 2.410283052988490216e+00 2.439049407814978032e+00
-1.555430767850420892e-01 6.779710653787649477e-01 1.436812519802911359e+00
-1.861774189806367774e+00 -3.187977067926636821e+00 2.797078078528988598e+00
-1.032518098233315529e+00 -1.886875845850339184e+00 2.826779332439306458e+00
-6.522782176463119974e-01 -1.420216433195390593e+00 2.403565072274118197e+00
2.585446577390351663e+00 -6.027953309030825935e+00 2.505811862700953352e+00
3.916447597852785734e-01 2.802073787386076820e+00 2.660342342524522063e+00
4.781176919705663053e-01 3.898789572869672426e+00 1.913424642937489706e+00
3.179974369550651048e-01 3.137212544829826033e+00 1.185635328760680451e+00
